A = [1 2 3; 4 5 6; 7 8 9]

A(:,3)=11

 A(:,4)=5

  A = [1 2 3; 4 5 6; 7 8 9]

  B = A(2:3, 2:3)

  c = rand(3,3)

  A= [A c]

  A = [A; ones(3,6)]

   B = A(:,1)


